,HARPER,KINGMAN,PRATT,SUMNER,STEVENS,OTHER (COMBINED) COUNTIES
0.0,113037.19426913705,85535.87225651492,168383.8828128475,251107.12997237363,51161.666081851115,1219988.9791097294
0.01,51610.458478919456,37006.46921316774,92183.915430729,157622.65064766264,26380.00820389141,327697.8447487682
0.02,37600.262919893445,26563.26139278354,70803.78367425609,125008.69810173813,21356.780318567977,217625.83830426552
0.03,30083.546255615463,22090.682652723346,59032.6574183441,106132.5076726153,19413.051106289815,175197.83239351003
0.04,25295.38951186846,18893.75960621321,51870.43782092783,93316.1265771487,18313.976762230468,150672.15075391784
0.05,22272.60147373519,17373.247406631315,47735.23175993239,85767.82987303736,17463.09484390367,134486.04597144452
0.06,19422.39168145179,15687.273589894387,44265.430481904485,79957.76972764068,16188.551123587176,122193.40426898879
0.07,17682.598360210137,14611.550683739986,42047.488670228275,75974.90399964417,15602.541229496448,112808.79496696204
0.08,16310.200995339595,13792.693594539964,39159.02699871011,72913.64168762942,14788.57682252413,106090.47508438642
0.09,15334.110890912954,13145.302777956242,37958.98548504272,69587.95214067203,14598.874188877302,101131.74164660997
0.1,14416.510578572028,12677.60683591723,36737.14929599739,66533.5840627054,13891.436817680868,97325.90205739759
0.11,14105.602862466209,12460.104871431184,35561.12640417509,65046.20866548386,12633.572695867908,92389.18568964579
0.12,13444.20118313952,11761.785680750014,34105.33104678689,62565.618776038704,11811.379686967179,89251.1972245148
0.13,12933.360679638039,11328.338514304918,33046.0653444893,61203.22917027028,11266.068013225067,86219.513400513
0.14,12750.55228003934,11105.499078297742,32594.82660630711,60304.31000825331,10789.031496024078,83569.68118491868
0.15,12559.515278512228,10696.292928344445,31346.970243596268,59168.5405474862,10606.223096425376,80996.13033314717
0.16,12511.922824115487,10291.089882031994,30182.95666269651,57899.779087984265,10589.098708628419,78388.7754950752
0.17,12263.063214442802,10088.265964229056,29806.442525810133,56915.90517092264,10524.604261081431,76690.79236741572
0.18,12199.013556189242,9885.664441072831,29158.606919932983,56082.37003503951,10259.509842198642,74811.11281339113
0.19,12168.767884236173,9699.29772712671,28677.567299091148,55592.21223368241,10107.614298493152,74099.89473320055
0.2,11702.628704724157,9490.469153862501,28542.128959242473,54873.43273550357,9376.158305451634,72296.94133229219
0.21,11519.153121185314,9281.64058059829,28085.77514418586,54314.33259366521,9177.559885936256,70871.61404150378
0.22,11348.57642715587,9178.449464523112,27766.194036858204,53453.88770552972,9171.33283582827,68861.3888298582
0.23,11198.237645977375,8962.504262564062,27573.377878157386,52897.90108874535,9075.480743094646,67538.1406819114
0.24,11181.33565282713,8959.613132156783,27119.025614921196,52319.45261264289,9058.133960650974,65699.38174288213
0.25,11008.312617683834,8762.571475168403,26828.35581166633,52041.23690960399,8937.373667485408,64880.96944297554
0.26,10862.1993347929,8582.209416683552,26587.724803922054,51701.41788942538,8779.918257612075,63617.100665701306
0.27,10572.196715478172,8402.95933143227,26098.67897579852,51373.16339087589,8652.930914338524,62523.14139851638
0.28,10563.300929609622,8382.721418581319,25773.315607656306,51173.89778742037,8644.702312410116,61881.977632040645
0.29,10542.840622111959,8316.447813860623,25439.946032232398,50959.509347988314,8154.989300346441,60650.578473186615
0.3,10443.87500432434,8198.356256455621,24949.565836228583,50650.825578349635,8070.924123888644,58583.19783733561
0.31,10331.120918440469,7968.177797106892,24750.522627419778,49730.33413560143,7949.05185748951,57865.975101683776
0.32,10317.110055697503,7840.3008752464875,24345.764370400753,49490.592706444004,7683.735043960009,56685.72671157391
0.33,10268.85041736062,7646.150348665385,23877.623639068315,49171.45638840978,7328.348398511438,55978.06694573076
0.34,10140.08391691336,7548.296704111335,23668.795065804105,48330.35983453838,6662.276431603762,55106.502325259586
0.35,10140.08391691336,7476.018443929367,23521.125020386175,47564.87746054966,6662.276431603762,54334.79290116287
0.36,10043.564640239592,7337.911368320129,23406.36938268188,47314.9058776434,5915.697602585708,53732.99298715547
0.37,9771.353592661964,7234.275462951523,22795.451288159213,47241.293249581155,5908.3585792441545,52814.72549087441
0.38,9735.99284383448,7023.222943220176,22446.514087465344,46858.77445723351,5728.218915406018,51811.05845025526
0.39,9547.846972714648,7023.222943220176,22090.682652723346,46829.86315316072,5719.545524184182,51046.02086555996
0.4,9396.17382365587,6886.227840844506,21973.703068551913,46607.9132957404,5557.197432083146,49569.32041138067
0.41,9343.91108167814,6756.571761810391,21944.346975185697,46190.47854385869,5557.197432083146,48787.82562282856
0.42,9337.016847630013,6650.934304621361,21194.654621113652,45561.76887759893,5471.797887745066,48152.88890646081
0.43,9159.101130259016,6604.231428811473,21129.048200333098,45177.026138784146,5431.09966739645,47633.59740638421
0.44,8963.61623579763,6400.51793242168,20852.611654467906,45167.24077432874,5307.225849176893,47099.627859624496
0.45,8853.975674967753,6388.508621499137,20300.183352030956,44847.437272354364,5276.535387930396,46462.24480214289
0.46,8800.378565109739,6310.448100502612,19732.40981897076,44329.48014015805,5146.87930889628,45616.03317139708
0.47,8758.790766174268,6270.417064094137,18966.927444982033,43642.50307645928,5025.896621084001,44997.77605353286
0.48,8758.790766174268,6244.841679722056,18756.986898484258,43173.25037189327,4737.673158942983,44216.281264980746
0.49,8644.924707056829,6146.543245874579,18530.58914812966,42993.55549734856,4737.673158942983,43257.7603376445
0.5,8644.924707056829,6146.543245874579,18288.846167151816,42569.226511418725,4737.673158942983,42924.16836757387
0.51,8639.587235535699,6119.855888268929,17846.9480041316,42000.56339977167,4608.684263849009,42026.36117879047
0.52,8513.489470849003,5913.696050765285,16837.943491991322,41793.29158903446,4487.701576036729,41440.796073993166
0.53,8390.060441922873,5607.236227593739,15964.822108993145,41428.3419737772,4487.701576036729,40950.415877989355
0.54,8287.091720494407,5528.730917303786,15759.774244723068,41085.63182319131,4487.701576036729,40452.251869350555
0.55,8287.091720494407,5489.81185412888,15425.737485359019,40134.894708490036,4229.278996555354,39822.43022985722
0.56,8183.011025832374,5245.40013739047,15303.420429666457,39876.69452365537,4229.278996555354,38912.83612479799
0.57,7911.911951488314,5132.201262213172,14871.974815041785,39511.5225137514,4105.1827836890825,37564.01259247911
0.58,7817.1718319882575,5120.19195129063,14553.72807559441,39229.526101718366,4024.675921578705,37395.21505562337
0.59,7757.125277375545,5094.3941722718355,14129.843878958007,38995.56693337551,4024.675921578705,36365.08305204529
0.6,7626.134830461147,4957.176675249452,14086.921712142253,38612.38095708771,4000.6572997336207,35806.650094147066
0.61,7312.113589301334,4825.519044394913,13811.152350217206,37865.134944129524,3875.671508280494,35315.15792490968
0.62,7238.723355885798,4825.519044394913,13707.07165555517,37656.0839762186,3875.671508280494,34858.13692591293
0.63,7120.409403834084,4686.077600905393,13503.580553812091,37500.8525128124,3679.519429878968,34311.93567358396
0.64,7060.362849221371,4662.503768353736,13261.837572834247,37405.00042007877,3555.868006306124,33301.81918821012
0.65,7042.3488828375575,4643.15543408964,13235.817399168738,36945.310685321456,3270.3132799256705,32246.111800259954
0.66,6746.786397354987,4540.853896601316,12598.434341687134,36045.50194471763,3234.507741804757,31565.806575962597
0.67,6591.777328595504,4385.844827841833,12283.523521940468,35877.816381095465,3014.55943620486,31178.172706740534
0.68,6457.895751273827,4385.844827841833,12108.943724270175,35357.85769707872,2693.4215663502073,30065.977078525077
0.69,6438.54741700973,4259.079879214996,11988.628220398037,34913.95798223808,2685.637753715226,29297.381179482363
0.7,6321.1230435448715,4219.271237453235,11245.607705727403,34468.05671557701,2502.384564823097,28173.176240344364
0.71,5884.33995739907,4099.4005228745245,11043.228577217891,33848.02044053908,2408.978813203323,26860.380640793108
0.72,5698.195638099663,3904.3604177065677,10720.31155018953,33469.94954112571,2408.978813203323,26059.315123330187
0.73,5400.631600796667,3904.3604177065677,10184.785240902824,32641.974271410425,2374.0628536692643,25268.924548909523
0.74,5206.036284922137,3770.7012350316045,9935.036052643283,32007.704738982815,2084.505023647964,23839.594154480263
0.75,4995.206159837503,3748.239375713516,9615.0101560222,30824.120429172246,2028.016783382672,23164.626401704038
0.76,4626.920624879536,3429.992636266142,9089.491605837613,29861.37400354843,1878.1227914976055,21195.321805053794
0.77,4575.325066841947,3429.992636266142,8912.243072406754,29036.28986424042,1717.9986458637065,19622.10207420074
0.78,4324.241510702124,3239.622818679173,8220.81811577371,28156.719036487546,1717.9986458637065,18436.29381792303
0.79,4094.5078406468224,3108.187582471348,8115.6254478781075,26532.793326183757,1472.0301665983009,17886.756645893358
0.8,3876.561086867349,2958.071195939568,7774.694454465932,25101.683774580786,1147.333982396228,16925.12219350311
0.81,3373.7267906475636,2795.500709191818,7221.821362735553,23950.569083190425,1146.2220091626593,15363.689378925883
0.82,3179.576264066461,2732.3406295251134,6710.091280647218,22459.857766268167,1035.9142643926402,14324.883984125963
0.83,2982.979396371508,2319.1313759309687,6196.359646738459,21104.807183841298,954.9626129888358,13041.666872587635
0.84,2751.4665691424957,2031.1303084366643,5978.190498312271,19056.77488225439,954.9626129888358,11539.613428682978
0.85,2585.782557340753,1744.9083981160702,5358.154223274341,18033.537112724433,720.7810499992587,10475.455044157692
0.86,2536.8557350637284,1674.1869004610983,4856.654294934839,15757.327903609217,720.7810499992587,9712.419011282822
0.87,1610.5820315009662,1596.3487741112863,4414.311342621193,13990.402435468486,640.4965825355955,8283.311011500275
0.88,1014.5643783081204,1521.1793835220392,3647.272206105474,12079.142841610532,640.4965825355955,6998.9819267283765
0.89,883.3515367470087,1030.1320035780827,3240.5123972660285,10101.832037678594,483.2635673089753,5920.590284813411
0.9,883.3515367470087,673.8557795426577,2684.9705697750846,9074.813559154505,365.83919384411615,4523.95190345107
0.91,735.2367020356523,673.8557795426577,2028.2391780293856,6699.416337604957,209.27336255763728,2966.744587161404
0.92,735.2367020356523,99.41040708104555,1343.0412715043267,5010.3289958140385,209.27336255763728,2334.2542119075033
0.93,404.31346772559465,99.41040708104555,1208.9372995359365,3387.515258743816,209.27336255763728,1853.881775005807
0.94,292.4489604285792,99.41040708104555,959.8552952165383,2311.3475632959876,209.27336255763728,1309.4596798505509
0.95,191.25939617382366,2.8911304072787294,698.0967960344564,1384.1842811463703,8.45099657512244,836.2038716436941
0.96,122.98423963270288,2.8911304072787294,402.7567051985984,1274.0989310230648,8.45099657512244,537.52786110713
0.97,28.0217254859323,2.8911304072787294,206.82702144378604,397.41923367746847,8.45099657512244,454.5746578829018
0.98,6.227050107984956,2.8911304072787294,25.797779018794817,350.938752514295,8.45099657512244,328.47689319620645
0.99,6.227050107984956,2.8911304072787294,25.797779018794817,325.363368142214,8.45099657512244,226.17535570788215
1.0,6.227050107984956,2.8911304072787294,25.797779018794817,155.6762526996239,8.45099657512244,76.2813638228157
