,HARPER,KINGMAN,PRATT,SUMNER,STEVENS,OTHER (COMBINED) COUNTIES
0.0,11.898631578947368,9.19731182795699,6.986846473029046,5.002131474103586,2.9234857142857145,14.45483412322275
0.01,5.432631578947368,3.9791397849462364,3.825020746887967,3.1398804780876493,1.5074285714285713,3.882665876777251
0.02,3.957894736842105,2.856236559139785,2.937883817427386,2.490199203187251,1.2203428571428572,2.578495260663507
0.03,3.1666315789473685,2.3752688172043013,2.449460580912863,2.114183266932271,1.1093142857142857,2.0757938388625594
0.04,2.6626315789473685,2.0315053763440862,2.1522821576763485,1.8588844621513945,1.0464571428571428,1.7852132701421801
0.05,2.3444210526315787,1.8680645161290323,1.9807053941908714,1.7085059760956176,0.9978857142857143,1.593436018957346
0.06,2.044421052631579,1.686774193548387,1.8367219917012447,1.592768924302789,0.9250285714285714,1.4477843601895735
0.07,1.861263157894737,1.5710752688172043,1.744688796680498,1.513426294820717,0.8915428571428572,1.3365876777251184
0.08,1.716842105263158,1.483010752688172,1.6248547717842323,1.4524501992031873,0.8450285714285715,1.2569905213270143
0.09,1.6141052631578947,1.4134408602150537,1.575020746887967,1.386195219123506,0.8341714285714286,1.1982345971563981
0.1,1.5174736842105263,1.3631182795698924,1.524356846473029,1.3253585657370517,0.7937714285714286,1.1531398104265402
0.11,1.4847368421052631,1.3397849462365592,1.4755601659751036,1.2957370517928286,0.7218857142857142,1.0946563981042654
0.12,1.4151578947368422,1.2646236559139785,1.4151452282157677,1.2463147410358566,0.6749142857142857,1.0574763033175356
0.13,1.3613684210526316,1.2180645161290322,1.3712033195020747,1.2191832669322709,0.6437714285714286,1.0215521327014219
0.14,1.3421052631578947,1.1940860215053763,1.352448132780083,1.2012749003984065,0.6165142857142857,0.990154028436019
0.15,1.322,1.1501075268817205,1.3006639004149378,1.1786454183266932,0.6060571428571428,0.9596682464454976
0.16,1.3169473684210526,1.1065591397849461,1.2523651452282158,1.1533665338645418,0.6050857142857143,0.9287677725118484
0.17,1.2908421052631578,1.084731182795699,1.2367634854771785,1.1337649402390437,0.6013714285714286,0.908649289099526
0.18,1.2841052631578946,1.0629032258064517,1.2098755186721992,1.1171713147410358,0.5862285714285714,0.8863862559241706
0.19,1.280842105263158,1.0429032258064517,1.1899170124481329,1.107410358565737,0.5775428571428571,0.8779502369668246
0.2,1.2317894736842105,1.0204301075268818,1.1843153526970955,1.0930876494023904,0.5357714285714286,0.8565876777251185
0.21,1.2125263157894737,0.9979569892473118,1.1653526970954358,1.0819521912350598,0.5244,0.8397037914691943
0.22,1.1945263157894737,0.9868817204301076,1.152116182572614,1.064800796812749,0.5240571428571429,0.815888625592417
0.23,1.178736842105263,0.9636559139784946,1.1441078838174275,1.0537250996015937,0.5185714285714286,0.8002132701421801
0.24,1.1769473684210527,0.9633333333333334,1.1252697095435684,1.042211155378486,0.5176,0.7784241706161138
0.25,1.158736842105263,0.9421505376344086,1.113195020746888,1.0366733067729084,0.5106857142857143,0.7687203791469195
0.26,1.1433684210526316,0.9227956989247312,1.103195020746888,1.0299003984063746,0.5016571428571429,0.7537559241706161
0.27,1.1128421052631579,0.9034408602150538,1.0829045643153528,1.023366533864542,0.4944,0.7407938388625592
0.28,1.1118947368421053,0.9012903225806451,1.0694190871369296,1.019382470119522,0.49394285714285713,0.7331872037914692
0.29,1.1096842105263158,0.8941935483870967,1.0555601659751037,1.0151195219123506,0.46594285714285716,0.7186018957345972
0.3,1.099263157894737,0.881505376344086,1.035228215767635,1.0089641434262948,0.46114285714285713,0.694111374407583
0.31,1.0874736842105264,0.8567741935483871,1.0269709543568464,0.9906374501992032,0.4542285714285714,0.6856042654028436
0.32,1.086,0.843010752688172,1.0101659751037344,0.9858565737051793,0.43902857142857143,0.6716232227488151
0.33,1.0808421052631578,0.8221505376344086,0.990746887966805,0.9795019920318725,0.41874285714285714,0.6632464454976303
0.34,1.0673684210526315,0.8116129032258065,0.9820746887966805,0.9627490039840637,0.3806857142857143,0.652914691943128
0.35,1.0673684210526315,0.8038709677419354,0.9759751037344399,0.9474900398406374,0.3806857142857143,0.6437677725118484
0.36,1.057157894736842,0.7889247311827957,0.9712033195020747,0.9425099601593625,0.338,0.6366350710900474
0.37,1.0285263157894737,0.7778494623655914,0.945850622406639,0.9410557768924303,0.3376,0.6257582938388626
0.38,1.0247368421052632,0.7551612903225806,0.9313692946058091,0.9334262948207172,0.3273142857142857,0.6138744075829384
0.39,1.0049473684210526,0.7551612903225806,0.916597510373444,0.9328486055776892,0.3268,0.6048104265402844
0.4,0.9890526315789474,0.7404301075268818,0.9117427385892116,0.9284262948207171,0.3175428571428571,0.5873104265402843
0.41,0.9834736842105263,0.7264516129032258,0.910539419087137,0.9201195219123506,0.3175428571428571,0.5780450236966824
0.42,0.9828421052631579,0.7150537634408602,0.8794190871369295,0.9075896414342629,0.3126285714285714,0.570521327014218
0.43,0.9641052631578947,0.7101075268817204,0.8767219917012448,0.8999402390438247,0.31034285714285714,0.5643720379146919
0.44,0.9434736842105264,0.6881720430107527,0.8652282157676349,0.8997410358565737,0.30325714285714284,0.5580450236966825
0.45,0.9318947368421052,0.6868817204301075,0.8423236514522822,0.8933665338645418,0.3014857142857143,0.5504976303317536
0.46,0.9263157894736842,0.678494623655914,0.8187551867219917,0.8830478087649403,0.29405714285714285,0.5404739336492891
0.47,0.9218947368421052,0.6741935483870968,0.7869709543568465,0.8693625498007969,0.28714285714285714,0.5331398104265402
0.48,0.9218947368421052,0.6713978494623656,0.7782572614107884,0.8600199203187251,0.2706857142857143,0.5238862559241706
0.49,0.9098947368421053,0.6608602150537635,0.7688796680497926,0.8564342629482071,0.2706857142857143,0.5125236966824644
0.5,0.9098947368421053,0.6608602150537635,0.7588381742738589,0.8479880478087649,0.2706857142857143,0.5085781990521328
0.51,0.9093684210526316,0.6579569892473118,0.7404979253112033,0.8366533864541833,0.2633142857142857,0.4979383886255924
0.52,0.8961052631578947,0.6358064516129033,0.6986307053941909,0.8325298804780876,0.2564,0.4909952606635071
0.53,0.8831578947368421,0.6029032258064516,0.6624066390041494,0.8252589641434263,0.2564,0.48518957345971564
0.54,0.8723157894736842,0.5944086021505376,0.6539004149377593,0.8184262948207172,0.2564,0.47928909952606635
0.55,0.8723157894736842,0.5902150537634409,0.6400414937759336,0.7994820717131474,0.24165714285714285,0.47182464454976303
0.56,0.8613684210526316,0.5639784946236559,0.6349792531120332,0.7943426294820717,0.24165714285714285,0.461042654028436
0.57,0.8327368421052631,0.5518279569892474,0.6170539419087137,0.7870717131474103,0.23457142857142857,0.44507109004739337
0.58,0.8228421052631579,0.5505376344086022,0.6038589211618257,0.7814541832669323,0.22994285714285714,0.4430687203791469
0.59,0.8165263157894737,0.547741935483871,0.5862655601659751,0.776792828685259,0.22994285714285714,0.4308649289099526
0.6,0.8027368421052632,0.533010752688172,0.5844813278008298,0.7691633466135458,0.22857142857142856,0.42424170616113743
0.61,0.7696842105263157,0.5188172043010753,0.5730705394190871,0.7542828685258964,0.22142857142857142,0.41842417061611376
0.62,0.7618947368421053,0.5188172043010753,0.5687551867219917,0.7501195219123507,0.22142857142857142,0.41300947867298576
0.63,0.7494736842105263,0.5038709677419355,0.5602904564315353,0.7470119521912351,0.21022857142857143,0.40652843601895733
0.64,0.7431578947368421,0.5012903225806452,0.5502489626556016,0.7451195219123506,0.20314285714285715,0.3945616113744076
0.65,0.7412631578947368,0.499247311827957,0.5491701244813278,0.7359561752988047,0.18685714285714286,0.3820616113744076
0.66,0.7101052631578947,0.4881720430107527,0.5227385892116183,0.7180278884462151,0.1848,0.3739928909952607
0.67,0.6937894736842105,0.471505376344086,0.5096680497925311,0.7146812749003985,0.17222857142857143,0.3694075829383886
0.68,0.6796842105263158,0.471505376344086,0.5024066390041494,0.7043227091633466,0.1538857142857143,0.35622037914691945
0.69,0.6776842105263158,0.4579569892473118,0.49742738589211616,0.6954780876494024,0.15342857142857144,0.3471208530805687
0.7,0.6653684210526316,0.45365591397849464,0.466597510373444,0.6866135458167331,0.14297142857142858,0.33380331753554504
0.71,0.6193684210526316,0.440752688172043,0.4582157676348548,0.6742629482071714,0.1376,0.3182464454976303
0.72,0.5997894736842105,0.41978494623655915,0.44481327800829873,0.6667131474103586,0.1376,0.3087559241706161
0.73,0.5684210526315789,0.41978494623655915,0.4225726141078838,0.6502191235059761,0.13565714285714287,0.29938388625592416
0.74,0.548,0.4053763440860215,0.4122406639004149,0.637589641434263,0.11908571428571428,0.2824526066350711
0.75,0.5257894736842105,0.40301075268817205,0.3989626556016598,0.6140239043824701,0.11588571428571429,0.27445497630331755
0.76,0.48694736842105263,0.36870967741935484,0.3771369294605809,0.5948406374501992,0.10731428571428571,0.2511255924170616
0.77,0.48157894736842105,0.36870967741935484,0.36979253112033195,0.5784063745019921,0.09811428571428571,0.23248815165876777
0.78,0.4551578947368421,0.3482795698924731,0.34107883817427387,0.5608764940239044,0.09811428571428571,0.21843601895734596
0.79,0.43094736842105263,0.33419354838709675,0.33672199170124484,0.5285258964143427,0.08411428571428571,0.21191943127962085
0.8,0.408,0.31806451612903225,0.3225726141078838,0.5000199203187251,0.06554285714285714,0.20053317535545023
0.81,0.35505263157894734,0.30053763440860215,0.2996265560165975,0.4770916334661355,0.06548571428571429,0.1820260663507109
0.82,0.33463157894736845,0.29376344086021505,0.27842323651452283,0.44739043824701197,0.05914285714285714,0.16971563981042653
0.83,0.3138947368421053,0.24935483870967742,0.2570954356846473,0.420398406374502,0.054514285714285717,0.15451421800947868
0.84,0.28957894736842105,0.21838709677419355,0.24804979253112033,0.379601593625498,0.054514285714285717,0.136718009478673
0.85,0.27210526315789474,0.1875268817204301,0.22232365145228217,0.3592231075697211,0.04114285714285714,0.12411137440758294
0.86,0.26694736842105266,0.18,0.20149377593360995,0.3138844621513944,0.04114285714285714,0.11507109004739337
0.87,0.1694736842105263,0.17161290322580644,0.18315352697095436,0.2786852589641434,0.036571428571428574,0.09813981042654028
0.88,0.10673684210526316,0.1635483870967742,0.15132780082987551,0.24061752988047808,0.036571428571428574,0.08291469194312796
0.89,0.09294736842105263,0.110752688172043,0.13443983402489626,0.20121513944223107,0.0276,0.07014218009478673
0.9,0.09294736842105263,0.07236559139784947,0.11136929460580913,0.18075697211155378,0.02085714285714286,0.053590047393364926
0.91,0.07736842105263157,0.07236559139784947,0.084149377593361,0.13344621513944224,0.011942857142857142,0.03514218009478673
0.92,0.07736842105263157,0.01064516129032258,0.05572614107883817,0.099800796812749,0.011942857142857142,0.027654028436018958
0.93,0.04252631578947368,0.01064516129032258,0.05012448132780083,0.06747011952191236,0.011942857142857142,0.021954976303317535
0.94,0.030736842105263156,0.01064516129032258,0.03979253112033195,0.04603585657370518,0.011942857142857142,0.015509478672985782
0.95,0.020105263157894737,0.00021505376344086021,0.02896265560165975,0.02756972111553785,0.00045714285714285713,0.00990521327014218
0.96,0.012842105263157894,0.00021505376344086021,0.0166804979253112,0.025378486055776892,0.00045714285714285713,0.006362559241706161
0.97,0.0029473684210526317,0.00021505376344086021,0.008547717842323652,0.007908366533864541,0.00045714285714285713,0.00537914691943128
0.98,0.0006315789473684211,0.00021505376344086021,0.001037344398340249,0.0069721115537848604,0.00045714285714285713,0.0038862559241706163
0.99,0.0006315789473684211,0.00021505376344086021,0.001037344398340249,0.006474103585657371,0.00045714285714285713,0.0026777251184834125
1.0,0.0006315789473684211,0.00021505376344086021,0.001037344398340249,0.0030876494023904383,0.00045714285714285713,0.0009004739336492891
